function redbluecolormap = loadrbcolormap

redbluecolormap = [0,0,1;0.0322580635547638,0.0322580635547638,1;0.0645161271095276,0.0645161271095276,1;0.0967741906642914,0.0967741906642914,1;0.129032254219055,0.129032254219055,1;0.161290317773819,0.161290317773819,1;0.193548381328583,0.193548381328583,1;0.225806444883347,0.225806444883347,1;0.258064508438110,0.258064508438110,1;0.290322571992874,0.290322571992874,1;0.322580635547638,0.322580635547638,1;0.354838699102402,0.354838699102402,1;0.387096762657166,0.387096762657166,1;0.419354826211929,0.419354826211929,1;0.451612889766693,0.451612889766693,1;0.483870953321457,0.483870953321457,1;0.516129016876221,0.516129016876221,1;0.548387110233307,0.548387110233307,1;0.580645143985748,0.580645143985748,1;0.612903237342835,0.612903237342835,1;0.645161271095276,0.645161271095276,1;0.677419364452362,0.677419364452362,1;0.709677398204804,0.709677398204804,1;0.741935491561890,0.741935491561890,1;0.774193525314331,0.774193525314331,1;0.806451618671417,0.806451618671417,1;0.838709652423859,0.838709652423859,1;0.870967745780945,0.870967745780945,1;0.903225779533386,0.903225779533386,1;0.935483872890472,0.935483872890472,1;0.967741906642914,0.967741906642914,1;1,1,1;1,0.968750000000000,0.968750000000000;1,0.937500000000000,0.937500000000000;1,0.906250000000000,0.906250000000000;1,0.875000000000000,0.875000000000000;1,0.843750000000000,0.843750000000000;1,0.812500000000000,0.812500000000000;1,0.781250000000000,0.781250000000000;1,0.750000000000000,0.750000000000000;1,0.718750000000000,0.718750000000000;1,0.687500000000000,0.687500000000000;1,0.656250000000000,0.656250000000000;1,0.625000000000000,0.625000000000000;1,0.593750000000000,0.593750000000000;1,0.562500000000000,0.562500000000000;1,0.531250000000000,0.531250000000000;1,0.500000000000000,0.500000000000000;1,0.468750000000000,0.468750000000000;1,0.437500000000000,0.437500000000000;1,0.406250000000000,0.406250000000000;1,0.375000000000000,0.375000000000000;1,0.343750000000000,0.343750000000000;1,0.312500000000000,0.312500000000000;1,0.281250000000000,0.281250000000000;1,0.250000000000000,0.250000000000000;1,0.218750000000000,0.218750000000000;1,0.187500000000000,0.187500000000000;1,0.156250000000000,0.156250000000000;1,0.125000000000000,0.125000000000000;1,0.0937500000000000,0.0937500000000000;1,0.0625000000000000,0.0625000000000000;1,0.0312500000000000,0.0312500000000000;1,0,0];
end